715
114.40000152587890625
114.1999969482421875
114.59999847412109375
115.1999969482421875
115.8000030517578125
115.8000030517578125
116
116.40000152587890625
117
117.59999847412109375
118.1999969482421875
118.59999847412109375
118.8000030517578125
119.1999969482421875
119.59999847412109375
120
120.1999969482421875
120.40000152587890625
120.8000030517578125
121.40000152587890625
121.8000030517578125
122
122.40000152587890625
122.59999847412109375
122.8000030517578125
123.1999969482421875
123.59999847412109375
123.8000030517578125
124
124.40000152587890625
124.59999847412109375
125
125.1999969482421875
125.59999847412109375
126
126.40000152587890625
126.8000030517578125
127.1999969482421875
127.59999847412109375
127.8000030517578125
128.399993896484375
128.8000030517578125
129.1999969482421875
129.600006103515625
130.1999969482421875
130.399993896484375
130.8000030517578125
131.1999969482421875
131.600006103515625
131.8000030517578125
132
132.399993896484375
132.8000030517578125
133
133.399993896484375
133.600006103515625
134
134.1999969482421875
134.399993896484375
134.8000030517578125
135
135.1999969482421875
135.399993896484375
135.600006103515625
135.8000030517578125
136
136.1999969482421875
136.600006103515625
137
137.399993896484375
137.600006103515625
138
138.1999969482421875
138.600006103515625
138.8000030517578125
138.8000030517578125
139.1999969482421875
139.600006103515625
139.8000030517578125
140
140.399993896484375
140.600006103515625
140.600006103515625
140.8000030517578125
141
141.399993896484375
141.8000030517578125
142
142.1999969482421875
142.399993896484375
142.600006103515625
142.600006103515625
142.8000030517578125
143.1999969482421875
143.399993896484375
143.8000030517578125
144.1999969482421875
144.600006103515625
145
145.399993896484375
145.8000030517578125
146
146.1999969482421875
146.399993896484375
146.600006103515625
146.8000030517578125
146.8000030517578125
147
147.1999969482421875
147.1999969482421875
147.399993896484375
147.399993896484375
147.600006103515625
147.8000030517578125
148
148.399993896484375
148.600006103515625
149
149.399993896484375
149.8000030517578125
150.1999969482421875
150.1999969482421875
150.600006103515625
150.8000030517578125
151
151.1999969482421875
151.399993896484375
151.600006103515625
151.8000030517578125
152
152.399993896484375
152.600006103515625
152.8000030517578125
153
153.399993896484375
153.8000030517578125
154
154.399993896484375
154.600006103515625
154.8000030517578125
155.1999969482421875
155.600006103515625
156
156.600006103515625
157
157.399993896484375
157.8000030517578125
158.1999969482421875
158.399993896484375
158.8000030517578125
159
159.399993896484375
159.8000030517578125
160.1999969482421875
160.600006103515625
161
161.399993896484375
162
162.399993896484375
162.8000030517578125
163.399993896484375
163.600006103515625
164
164.399993896484375
164.600006103515625
165
165.399993896484375
165.600006103515625
166
166.399993896484375
166.600006103515625
166.8000030517578125
167.1999969482421875
167.399993896484375
167.600006103515625
168
168.1999969482421875
168.600006103515625
168.8000030517578125
169
169
169.399993896484375
169.600006103515625
169.8000030517578125
170
170.399993896484375
170.399993896484375
170.600006103515625
171
171.1999969482421875
171.399993896484375
171.399993896484375
171.600006103515625
171.8000030517578125
172.1999969482421875
172.399993896484375
172.600006103515625
172.8000030517578125
173
173.1999969482421875
173.399993896484375
173.600006103515625
173.8000030517578125
174.1999969482421875
174.399993896484375
174.600006103515625
174.8000030517578125
175
175.1999969482421875
175.1999969482421875
175.399993896484375
175.399993896484375
175.399993896484375
175.600006103515625
175.8000030517578125
176
176.399993896484375
176.399993896484375
176.600006103515625
176.8000030517578125
177
177.1999969482421875
177.600006103515625
177.600006103515625
177.8000030517578125
178
178.1999969482421875
178.1999969482421875
178.399993896484375
178.600006103515625
179
179.399993896484375
179.8000030517578125
180
180.1999969482421875
180.399993896484375
180.600006103515625
180.8000030517578125
181
181
181.1999969482421875
181.399993896484375
181.600006103515625
181.8000030517578125
182
182.1999969482421875
182.399993896484375
182.600006103515625
182.8000030517578125
183.1999969482421875
183.399993896484375
183.8000030517578125
183.8000030517578125
184
184
184
184.399993896484375
184.600006103515625
184.600006103515625
184.8000030517578125
185
185.1999969482421875
185.399993896484375
185.8000030517578125
185.8000030517578125
186
186.1999969482421875
186.399993896484375
186.8000030517578125
186.8000030517578125
187
187.1999969482421875
187.399993896484375
187.600006103515625
187.8000030517578125
188
188.1999969482421875
188.1999969482421875
188.399993896484375
188.600006103515625
188.8000030517578125
189
189.399993896484375
189.600006103515625
189.600006103515625
190
190
190.1999969482421875
190.399993896484375
190.8000030517578125
191
191.399993896484375
191.600006103515625
191.8000030517578125
192.1999969482421875
192.600006103515625
192.8000030517578125
193.1999969482421875
193.399993896484375
193.600006103515625
193.8000030517578125
194
194.1999969482421875
194.399993896484375
194.600006103515625
194.8000030517578125
195
195.399993896484375
195.600006103515625
196
196.1999969482421875
196.600006103515625
197
197.399993896484375
197.8000030517578125
198.1999969482421875
198.399993896484375
198.600006103515625
199
199.1999969482421875
199.399993896484375
199.600006103515625
200.1999969482421875
200.600006103515625
200.8000030517578125
201
201.399993896484375
201.600006103515625
201.8000030517578125
202.1999969482421875
202.399993896484375
202.600006103515625
202.8000030517578125
203
203
203.1999969482421875
203.1999969482421875
203.1999969482421875
203.399993896484375
203.399993896484375
203.600006103515625
203.600006103515625
203.399993896484375
203.399993896484375
203.1999969482421875
203
203
203
203
203
203
203
203.1999969482421875
203.1999969482421875
203.399993896484375
203.600006103515625
204
204.1999969482421875
204.399993896484375
204.399993896484375
204.600006103515625
204.8000030517578125
205.1999969482421875
205.399993896484375
205.8000030517578125
206
206.1999969482421875
206.399993896484375
206.600006103515625
206.8000030517578125
207.1999969482421875
207.399993896484375
207.8000030517578125
208
208.399993896484375
208.8000030517578125
208.8000030517578125
208.8000030517578125
208.8000030517578125
208.600006103515625
208.399993896484375
208.1999969482421875
208.1999969482421875
208.399993896484375
208.600006103515625
209
209.399993896484375
209.600006103515625
209.8000030517578125
210
210
210.1999969482421875
210.1999969482421875
210.399993896484375
210.399993896484375
210.399993896484375
210.600006103515625
210.600006103515625
210.8000030517578125
211
211.399993896484375
211.8000030517578125
212
212.1999969482421875
212.399993896484375
212.600006103515625
212.600006103515625
213
213.399993896484375
213.8000030517578125
214
214.1999969482421875
214.1999969482421875
214.600006103515625
215
215.1999969482421875
215.1999969482421875
215.399993896484375
215.600006103515625
215.8000030517578125
216
216.1999969482421875
216.399993896484375
216.600006103515625
217
217.1999969482421875
217.399993896484375
217.8000030517578125
218
218.1999969482421875
218.600006103515625
219
219.399993896484375
219.600006103515625
220
220.1999969482421875
220.399993896484375
220.600006103515625
220.8000030517578125
221
221.399993896484375
221.600006103515625
222
222.399993896484375
222.8000030517578125
223
223.399993896484375
223.8000030517578125
224.1999969482421875
224.600006103515625
224.8000030517578125
225.1999969482421875
225.600006103515625
225.8000030517578125
226.1999969482421875
226.399993896484375
226.600006103515625
226.8000030517578125
227.1999969482421875
227.399993896484375
227.8000030517578125
228.1999969482421875
228.399993896484375
228.8000030517578125
229
229.1999969482421875
229.399993896484375
229.8000030517578125
229.8000030517578125
230.1999969482421875
230.399993896484375
230.8000030517578125
231
231.1999969482421875
231.399993896484375
231.600006103515625
231.8000030517578125
232
232.399993896484375
232.8000030517578125
232.8000030517578125
233
233
233.399993896484375
233.600006103515625
233.8000030517578125
234.1999969482421875
234.399993896484375
234.8000030517578125
234.8000030517578125
235
235.1999969482421875
235.399993896484375
235.600006103515625
235.8000030517578125
236
236.1999969482421875
236.600006103515625
236.8000030517578125
237.1999969482421875
237.399993896484375
237.8000030517578125
238
238.1999969482421875
238.600006103515625
238.8000030517578125
239.1999969482421875
239.600006103515625
239.8000030517578125
240.1999969482421875
240.399993896484375
240.8000030517578125
241
241.1999969482421875
241.399993896484375
241.8000030517578125
242.1999969482421875
242.399993896484375
242.8000030517578125
243
243.399993896484375
243.600006103515625
243.8000030517578125
244.1999969482421875
244.399993896484375
244.600006103515625
244.8000030517578125
245
245.399993896484375
245.600006103515625
245.8000030517578125
246
246.1999969482421875
246.600006103515625
246.8000030517578125
246.8000030517578125
247
247.1999969482421875
247.399993896484375
247.600006103515625
247.8000030517578125
248
248
248.1999969482421875
248.399993896484375
248.600006103515625
248.8000030517578125
248.8000030517578125
249
249.399993896484375
249.600006103515625
249.8000030517578125
250.1999969482421875
250.399993896484375
250.399993896484375
250.399993896484375
250.600006103515625
250.8000030517578125
251
251.1999969482421875
251.399993896484375
251.600006103515625
252
252.399993896484375
252.8000030517578125
253
253.1999969482421875
253.600006103515625
253.8000030517578125
254.399993896484375
254.8000030517578125
255.1999969482421875
255.399993896484375
255.8000030517578125
256
256.20001220703125
256.399993896484375
256.79998779296875
257
257.600006103515625
257.79998779296875
258.20001220703125
258.600006103515625
259
259.20001220703125
259.399993896484375
259.79998779296875
260.20001220703125
260.600006103515625
261
261.399993896484375
261.600006103515625
262
262.20001220703125
262.600006103515625
262.79998779296875
263.399993896484375
263.600006103515625
264
264.20001220703125
264.399993896484375
264.79998779296875
265
265.399993896484375
265.600006103515625
265.79998779296875
266
266.399993896484375
266.600006103515625
267
267.20001220703125
267.600006103515625
267.600006103515625
267.79998779296875
268.20001220703125
268.399993896484375
268.79998779296875
269
269.20001220703125
269.399993896484375
269.79998779296875
270
270.20001220703125
270.399993896484375
270.600006103515625
270.79998779296875
271
271.20001220703125
271.600006103515625
271.79998779296875
272
272.20001220703125
272.600006103515625
272.79998779296875
273
273.399993896484375
273.600006103515625
274
274.20001220703125
274.399993896484375
274.79998779296875
275.20001220703125
275.600006103515625
276
276.20001220703125
276.600006103515625
276.79998779296875
277.20001220703125
277.399993896484375
277.79998779296875
278
278.20001220703125
278.600006103515625
279
279.20001220703125
279.399993896484375
279.600006103515625
279.79998779296875
280
280.20001220703125
280.399993896484375
280.399993896484375
280.600006103515625
280.600006103515625
280.79998779296875
280.79998779296875
281
281.20001220703125
281.399993896484375
281.600006103515625
281.600006103515625
281.79998779296875
281.79998779296875
282
282
282.20001220703125
282.20001220703125
282
282
282
282.20001220703125
282.20001220703125
282.399993896484375
282.600006103515625
282.79998779296875
282.79998779296875
282.79998779296875
282.79998779296875
282.600006103515625
282.600006103515625
282.600006103515625
282.600006103515625
282.79998779296875
282.79998779296875
282.79998779296875
282.79998779296875
282.79998779296875
282.600006103515625
282.600006103515625
282.600006103515625
282.600006103515625
282.600006103515625
282.600006103515625
282.600006103515625
282.399993896484375
282.399993896484375
282.399993896484375
282.20001220703125
282.20001220703125
282.20001220703125
282.20001220703125
282.20001220703125
282.20001220703125
282.20001220703125
282.600006103515625
